87454
79879
18693
86128
86916
52803

79888
61047
17070
65437
18602
2610

17733
9100

13292
8042

39462
91820

57828
91385
59323
75653
84144
19827
93956
72338

82123
88907
10065
68669

92479
74241
48855
99342
28484
89779
99891
45657
35358

18794
49776
27585
4379

99937
69861
1770
23365
75835
17416
69257
2950
53839
41484

19988
99104
53844
46251
13084
10524
23650
10667
90523
14859

4759
57819
84271
91284
11392

49182
86490

21912
43492

89518
49128
49501

73818
5859
67237
84290
95977

88359
47915
59167
39820
88701
32102

56413
36136
7994
65331
3645
87832

24701
24302
85826

42515
83020
3382
69882
2201

95811
45193
1988
36717
42297
97071
68876
94928

7758
59613
5420
94160
50080
72695
14616

83205

6727
26366
57647
29763
64670
88844
12554
32332
58772

72876
58744
59850
72853
32902
69715
44104
75826
60079
98569

46196
82374
99230
24918
56411
65367
27504
82868
43333

87348
26860
10632
36866
20036
38868
70216
99481

13989
90649
23007

26253
76634
78832
67826
52756

36763
76396
33289
11738

59776
31147
29096
12231
90164
14734
37794
89108
98877
75348

11658
49327
96797

18857
82445
69976
76291
60748
58134
33435
30288

1141
93647
61027
72743
9563
98498
2690
83776

9470
54002
66790

56293
82164
29317
53817
93188

96928
57296
76455
46517
77978
62536

67687
54257
35031
25128
90277
38118
70587
74699
90019

97146
59201
18806
20902
55608
59149
48467
20749

76130
8473
71470
22557
86815
97264
35351
65998

75350
53909
4293
24127
84644
38749
14974
6539

66123
70323
78685
80720

80431

73339
75354
19738
11243
63049
68220
13348
25677

23542
77272
1175

95173
14939
80781
58457
8468
78840
63340

13399

89531
28541
19295
5831
44179
13978
67306

61076
26046
44113
56251
40004

75567
54734
37007
51697
15219

63477
55716
42350
79327
60586
68319
9509
15894
71394
12793

28419
91596

91091
83302
59999
49202
68842
3590
82888
81956
27256
66097

78766
52824

24555
65160
86894
59387
58671
95345
86662

73562
11572
65934
75514
79957
94723

28605
45393
5763
17085

71520
45088

69693
10773
45111
64712

17761
42428
38223
3576
58181
79544
11692
62783

20239
90038
14810

93530
34965
81465
3913
52010
41596
58127
62048

39809
97988
16867
76465
23102

16001
30030
69855
99524
22371
60985

25132
75060
21350

37707
35156

83490
45994
48657
47717
25966
97680
90924

25101
23682
90111
46270
17070
17538
60554

97039
26774
23920
11445
29223
30162

47706
35199
77699

58249

62973
24889
63484

4277
80463
63207
96789
71443
58601
56581

42659
44189
71020
68670
89199

17129
5559
68362

3193

60809
49790

68825
72177
81471
1179
50811
65951
56248

18810
75370
71337
73325
55246
56709

36953
47486
58368
47713
71192
29142
84711
19243

93546

58430
77181

37924
29323
45737
96935
86452
91760
27108

3250
73779
37676
43699
69844
22380
59617
42470

79230
36329
86857
59759
27092
98375
15259
47401
37101
20282

7831
47850

7109
37553
92766
96114
8119
98125
69521
67447
33883
86628

91583
40756
61339
76506
34382
68711

74009
36316
52234
82724
59396
72883
83193
9276

66488
2727
38994
95897
38564
66714
32371
56692

99331
89804
75699
55012
17344
27462

45862
67518
77067
72737
42431
51093
54201
60199
24496
55485

95615
43175
59981
31301

88369
38656
40725
89314
91736
62033
39329
62318

95698
81461
34604
3858
36251
54627
15989
95303

86151
17673
52304
75257
83773
1768
27269
9074
51578

1807
41266
34376
99074
43964

30193
40503

57855

81176
20984
63680
91788
20675
16369
50160
66577

