68660

95079
43456
43777

42067
54963
99833
17491

8792
29568
15561
8094
58911

66143
75730
21491
33147
7481
7843
30777
47302
14699
77727

49572
56252
91225
75180
99943
41029
7915
90892

19923
84368
27686

34847
83960
47796
76705

30040
79817
7649
88088

31306
13933
92343
52198

74057
22307
23235
32519
3049
89566

28326
72014
5001
14521
18573
80710
21586
47602
32448
71508

59106

56247
74883
23667
55512
28779
38289
30972
62319
32853

18589

2947
97804
92074
84504
13219
45954
97702
15059
2240
24124

69024
62507
39086
46578
48021
14044
29803

83970
38575
69600
20504

69686
94381
60252
21553
74612
44736
27648
77692

72258
45364
15777
90512
89086

61419
29774
8625
76354

89052
87214

82057
37683
50945
76320

78331

22759
96250
34495
98524

27674
57841
11193
66765
24407

45935
70720
3009
98260
76613
33529

97394
2121
17523
13924
74682
17928
96349
15343
99780
70228

26304
79464
46334
43795
94978
1935
55214

37807
32677
47582
48376
13934
43200
64451
65079
3909
29664

18919
4239
76077
48513
35833

9557
94260
78385
29343

30746

25380
71258
45144
68399
92660
7125

3415
31355
76831
28866
37471

58995
8050
93806
61343
87377
7664
16433

75903
79406
71324
11532
85230
79961
70902
82936
86743
3761

3213
38763
85347
73007
46417
19723
48708
16149

50277
49047
73491
72149

64545
4252

32511
16691
45020
60246

56498
62013
75961
82690
39625
24672

73658
17143
63739
62810

15983
62470
4859
28383
78410
57769
83934

81337
66972
35389
26558
92043
87759
97278

72337
14161
8399
76888
55029
33379
69204

83311
77831
26184
32301

66081
15484

25401
84419
14292
28155

17906
4469
69794
61301
59891
9613
29302
26824
33380

4367
21099
43519
50275
68092
50609
1828
73765

43667
38996
8770
58244
37039
77139
33532
59644
20161

66921
15573
78218
84948
23952
21424
65788
59860
8203
42861

58442
18783
30434
61751

19377

36530
7702
16854
71524

40708
76460
10248
26682
40724
32459
33056
93215
88820

98657
37822
47097
16855

96734
55305
30253

26919
82610
98804
7131
40822
79954
11764
70011

42254
36063
7372
53072
66344
31300
43323
44796
72485

84456
89389
74001
32849
18720

19682
51278

91113
11106
18188

17867
89116
95838
10744
81821
32520

28212
84882
7035
24470
36260
28565
16308
73691
85037
69659

30589
13475
82605

52461
85429
34282
54066
19790
43084

82665

71784
5146

18221
83758
54797
65742

13790
63397
49430
61958
2979
28174
85180
85422
55951

74513
53226
95252
12315

42695
67791
61730
83424
51200
26463
91063

76842
31591
45654
66611
31922
67125

11404
23635
36351
46456
92518

49912
71194
47043
36140
16927
67332

96734
61313
48435
28378
24770
16049
46638
45262

9090
74830
13023
34979
50295
73721
96829
80694
99013

71766
23315
68039

64219
79309
66357
79379
1518
17808
75662
39006
72608

70446
36240
23840
1856

87185
27132
49470
42650
91028

53264
24175
53015
10179
5247
96060

39991
82190
43872
79491
45815
35674
94093
99996
4728

69223
53376
32130

64846
17730
86821
75689
2113

41118
47575
91503
27521
76494
12807
25288
95637

10141
9623
64527
16750
61414
28619

33553
40998
59836
98344
9470
55042
40624
28061
2714
55279

99881
88154
79950
3922
49056
15796

26477
61753
78244
56438
42270

31882
29976
35895
75214
59110
83059

50428
51837
11833
30869
18887
49006

60667
6165
85285
20487
78352
26645

39474
40543
38474

97404
43120
23143
77562

51885
93809
45691
24663

90011
93498
95960
31690
6814
13534
30192
49159

90726
6083
3820